Refdes: TT0
Transformation Matrix
+-
| 1.000000, 0.000000, 0.000000, 0.000000 |
| 0.000000, 1.000000, 0.000000, 0.000000 |
| 0.000000, 0.000000, 1.000000, 0.062000 |
| 0.000000, 0.000000, 0.000000, 1.000000 |
+-

Refdes: TT90
Transformation Matrix
+-
| 0.000000, -1.000000, 0.000000, 0.499999 |
| 1.000000, 0.000000, 0.000000, -0.499999 |
| 0.000000, 0.000000, 1.000000, 0.062000 |
| 0.000000, 0.000000, 0.000000, 1.000000 |
+-

Refdes: TT180
Transformation Matrix
+-
| -1.000000, -0.000000, 0.000000, -0.499999 |
| 0.000000, -1.000000, 0.000000, -0.499999 |
| 0.000000, 0.000000, 1.000000, 0.062000 |
| 0.000000, 0.000000, 0.000000, 1.000000 |
+-

Refdes: TT270
Transformation Matrix
+-
| -0.000000, 1.000000, 0.000000, -0.499999 |
| -1.000000, -0.000000, 0.000000, 0.499999 |
| 0.000000, 0.000000, 1.000000, 0.062000 |
| 0.000000, 0.000000, 0.000000, 1.000000 |
+-

Refdes: TT360
Transformation Matrix
+-
| 1.000000, 0.000000, 0.000000, 0.499999 |
| -0.000000, 1.000000, 0.000000, 0.499999 |
| 0.000000, 0.000000, 1.000000, 0.062000 |
| 0.000000, 0.000000, 0.000000, 1.000000 |
+-

Refdes: TB0
Transformation Matrix
+-
| -1.000000, 0.000000, 0.000000, 0.000000 |
| 0.000000, 1.000000, 0.000000, 0.000000 |
| 0.000000, 0.000000, -1.000000, 0.000000 |
| 0.000000, 0.000000, 0.000000, 1.000000 |
+-

Refdes: TB90
Transformation Matrix
+-
| -0.000000, 1.000000, 0.000000, 0.499999 |
| 1.000000, 0.000000, 0.000000, -0.499999 |
| 0.000000, 0.000000, -1.000000, 0.000000 |
| 0.000000, 0.000000, 0.000000, 1.000000 |
+-

Refdes: TB180
Transformation Matrix
+-
| 1.000000, 0.000000, 0.000000, -0.499999 |
| 0.000000, -1.000000, 0.000000, -0.499999 |
| 0.000000, 0.000000, -1.000000, 0.000000 |
| 0.000000, 0.000000, 0.000000, 1.000000 |
+-

Refdes: TB270
Transformation Matrix
+-
| 0.000000, -1.000000, 0.000000, -0.499999 |
| -1.000000, -0.000000, 0.000000, 0.499999 |
| 0.000000, 0.000000, -1.000000, 0.000000 |
| 0.000000, 0.000000, 0.000000, 1.000000 |
+-

Refdes: TB360
Transformation Matrix
+-
| -1.000000, -0.000000, 0.000000, 0.499999 |
| -0.000000, 1.000000, 0.000000, 0.499999 |
| 0.000000, 0.000000, -1.000000, 0.000000 |
| 0.000000, 0.000000, 0.000000, 1.000000 |
